Number 03
[(0, 4), (1, 5), (2, 2)]
11
Number 05
[(0, 4), (1, 8), (2, 9), (3, 4)]
25
Number 07
[(0, 6), (1, 12), (2, 13), (3, 6)]
37
Number 07g
[(0, 4), (1, 8), (2, 14), (3, 17), (4, 8)]
51
Number 09
[(0, 8), (1, 16), (2, 17), (3, 8)]
49
Number 09a
[(0, 4), (1, 11), (2, 21), (3, 25), (4, 12)]
73
Number 09g
[(0, 4), (1, 8), (2, 14), (3, 26), (4, 33), (5, 16)]
101
Number 09s
[(0, 4), (1, 11), (2, 21), (3, 25), (4, 12)]
73
Number 11
[(0, 6), (1, 15), (2, 27), (3, 33), (4, 16)]
97
Number 11a
[(0, 10), (1, 20), (2, 21), (3, 10)]
61
Number 11g
[(0, 4), (1, 8), (2, 14), (3, 26), (4, 50), (5, 65), (6, 32)]
199
Number 11s
[(0, 4), (1, 8), (2, 19), (3, 39), (4, 49), (5, 24)]
143
Number 11x
Exception

Number 13
[(0, 8), (1, 19), (2, 33), (3, 41), (4, 20)]
121
Number 13g
[(0, 4), (1, 8), (2, 14), (3, 26), (4, 50), (5, 98), (6, 129), (7, 64)]
393
Number 15g
[(0, 4), (1, 8), (2, 14), (3, 26), (4, 50), (5, 98), (6, 194), (7, 257), (8, 128)]
779
Number 15
Exception

Number 17
[(0, 10), (1, 26), (2, 46), (3, 57), (4, 28)]
167
Number 17s
[(0, 4), (1, 8), (2, 24), (3, 61), (4, 123), (5, 161), (6, 80)]
461
Number 17g
[(0, 4), (1, 8), (2, 14), (3, 26), (4, 50), (5, 98), (6, 194), (7, 386), (8, 513), (9, 256)]
1549
Number 19
[(0, 10), (1, 29), (2, 53), (3, 65), (4, 32)]
189
Number 19g
[(0, 4), (1, 8), (2, 14), (3, 26), (4, 50), (5, 98), (6, 194), (7, 386), (8, 770), (9, 1025), (10, 512)]
3087
Number 21a
[(0, 6), (1, 21), (2, 53), (3, 106), (4, 137), (5, 68)]
391
Number 21g
[(0, 4), (1, 8), (2, 14), (3, 26), (4, 50), (5, 98), (6, 194), (7, 386), (8, 770), (9, 1538), (10, 2049), (11, 1024)]
6161
Number 23
[(0, 8), (1, 25), (2, 61), (3, 124), (4, 161), (5, 80)]
459
Number 23a
[(0, 8), (1, 25), (2, 61), (3, 124), (4, 161), (5, 80)]
459
Number 23b
[(0, 22), (1, 44), (2, 45), (3, 22)]
133
Number 25
[(0, 14), (1, 40), (2, 72), (3, 89), (4, 44)]
259
Number 25a
[(0, 14), (1, 34), (2, 69), (3, 141), (4, 185), (5, 92)]
535
Number 27
[(0, 12), (1, 33), (2, 77), (3, 160), (4, 209), (5, 104)]
595
Number 29
[(0, 8), (1, 25), (2, 70), (3, 178), (4, 375), (5, 497), (6, 248)]
1401
Number 29a
Exception

Number 29b
[(0, 8), (1, 43), (2, 89), (3, 105), (4, 52)]
297
Number 29c
[(0, 10), (1, 26), (2, 55), (3, 178), (4, 413), (5, 545), (6, 272)]
1499
Number 31
[(0, 16), (1, 50), (2, 92), (3, 113), (4, 56)]
327
Number 31a
[(0, 20), (1, 52), (2, 90), (3, 113), (4, 56)]
331
Number 31ax
Exception

Number 31b
[(0, 12), (1, 39), (2, 91), (3, 184), (4, 241), (5, 120)]
687
Number 31c
[(0, 10), (1, 35), (2, 88), (3, 179), (4, 233), (5, 116)]
661
Number 37
[(0, 6), (1, 27), (2, 77), (3, 219), (4, 485), (5, 641), (6, 320)]
1775
Number 39
[(0, 10), (1, 44), (2, 114), (3, 228), (4, 297), (5, 148)]
841
Number 51
[(0, 24), (1, 72), (2, 165), (3, 341), (4, 449), (5, 224)]
1275
Number 51ext
[(0, 24), (1, 72), (2, 172), (3, 360), (4, 473), (5, 236)]
1337
Number 53
[(0, 12), (1, 45), (2, 126), (3, 422), (4, 979), (5, 1297), (6, 648)]
3529
Number 67
[(0, 18), (1, 66), (2, 208), (3, 615), (4, 1361), (5, 1809), (6, 904)]
4981
Number 69
[(0, 28), (1, 89), (2, 246), (3, 537), (4, 705), (5, 352)]
1957
Number 73
[(0, 46), (1, 128), (2, 224), (3, 281), (4, 140)]
819
Number 93
[(0, 56), (1, 163), (2, 289), (3, 361), (4, 180)]
1049
Number 267
[(0, 116), (1, 355), (2, 1093), (3, 3185), (4, 6981), (5, 9297), (6, 4648)]
25675
